$ANSIBLE_VAULT;1.1;AES256
66363065386239623131623432393061346532656232626235643439613535306265633530363234
6131613838353738393732376265313231363561663732340a333763336133376130343833303866
35366537666165373331383739373161353933396165393836346164306434623962303139306331
3230303966373861380a316430396166383634363737316365653966336236646433613739346163
62343534313562356161303438656163613432653662303635353231353562393638306362393262
33636130313430653438393161376534616638613139313763336334363834323738633039643830
64356538323733666230633034633030656661356238336665636636613030323831363430353132
33383861653732373639306164333337636362363364336539363861383538306164633431326163
65626638653062353932376666636136656564633364363265643566303663356266356666656538
64333035633736613737346332303032366134376634376335303532346430643139666435356536
32353438643531373261326236396631666239656139306530303466306535373338616338626234
37376230663462386435646137393035343631346239383532656362323138623862383461616130
36646336636138313132643265653864396236323739393263643464356235626566616565373639
38363038613031343062623864336533623630346134623961663332653338623436623561316430
63303966353166633333396165616334343866343961343536333663353062386230633537396234
36383063316634613838353163363664303233323463656461346135393036396330646531653132
35323038623763336232653038343064333634346239366633633162353033376130383832356537
37643034313034663337303533643535353338373661366532313763386161336138313139643937
63626563656163353062623732326561653435643861363339613737383562396637306561376537
61613939363862303665373734323534616532333336323530353131333465626662393937326137
32333639373434363364333265353436636166323437643134386234336336316266323132636533
66313566353430333330336634363261376563303866306463626633616365353762323931303566
62643032653634653736636361383337666333353361643066633336646261653865343861623539
61616235343932656466613966343635653062616236663334366565363132363531663638616533
39343636353036303332323037616166313735613337386664393538346464333632626465363133
34333432343631336237633530326161343332616164366430373064313537333538353661303231
31613933326264323233366266663634616236353834343330363239633436643964386631376533
66313433663261313062383265633631346631303062366564383466656237386333353166623136
66613064343835353561656537336561323135623363333163356266666531636435636433346136
38326533366438346564323931303539363430643965616430333562363738643230643365363965
30613434323738303765363036663532643366653264306634396636613364663264366634363630
33373265333561613033353137653235333830363265363961363330343539313562303964383539
39346166633466393162353433396239313138666137636534376638363335643339393239636531
31383439323765336332326535613831343135326361303935356138613136623033396366366532
62663735323234373864636536393164363537373139326538643138363632633030396331323138
31303335363533386138643335333865383030666662316238366630333034643130386666656265
33376266373761373238383166356534623562346461383463393532393864613231333962396534
35656236336661623633313434643263353537623065626262653139623531376433633334363463
37623635393966663666353865393862663564336335633132363431313135623432316536386535
35373763316465383064376562313333356565646161356238613865383137666133326535633335
32306564653964306130333964306632653634343532303736666632396331393135393832633631
64366339353765353639626331363436656330663763616362666661396662316637326136393037
35326537386638353361656263653861323330376334333137363165643362383537613461333633
65333433666138303332363834313333316565386236333734353131363533393636356239643161
62343933303932326530373566366165663237386538383061636433646535353339616635306463
31613864633635396361323634623033303863663439316166613530383936363562393565376639
62633739613037316434333536623237393430373063633062353163663365343737643536303232
30626535343939633938366234373636336131326461313637383962366463373438306431356362
35643131373166386332323436396139333232346564396364373634313633343765356139623166
35353931393064386164663862353739306361653165313165383230333230353732303730643762
66396137366234376135336231316437323866303265306336633730343238643362316463306238
31313435346561363233303936363336383033396639313438653665313662313730623733663330
31396263323765376439353834663864663636653836613531333336366562316530326338303865
64636430393063303831306666326561633633383531303635313831656364373563616338333736
36333533383533383530643462653339666334613564623639303865396436366335653539323962
31363132396533343530623832643137343330303030653834323461393135323365316232323763
34666637316663643330636264393531366631316532623664316566306133363162643063643163
64336266333537303561343338393231383133313630613532646631663766386433623834653634
62386562376562326538363062626635383733343838383933313933303461313738646337376134
64366430353639313064386431363334396564363362386134306232393433353061666364663530
61333066633532376338316436333564353638353232663539373033383631303561663935373933
66303463376536653065326364653665323534323863393339323361306636316633613637396565
34343832343039346532613435386332323765386463633163663437396663323434633766633733
34653731646133396237306533663339333135336362643233343231386332323363313939613163
66323265363430623931343737383937373362363938366436373034623839626639376635643536
38663137656436313239326266653164643034363061633164303564393838636436623832663662
64376565623233663131363838336334386337376334663136623531373432623563386535653265
62633532353438623031386531613162653963303634393464393962636432393633653362343363
34643563326264393164636335333130653134656336363834336533626339396138386633636130
61336434363135366665643831346530653937373131663435626136613235613864306538626636
61386130323237373732363465313333333266313565653830383664343564643438343464643939
35636135333836623062326231303935383361333965643536323661373063623632636364363135
38636531636263643632326236393536666630363639383032306132353735373764663266633634
30336133303932343036386438306633653734373339353364363566636162396532323665636333
66633739313137646434643534636562313266333438373461323339616235386439366537373231
63396238636138613263633532636338666531656332313136323564666438303438346133623736
30393733633239663934393332373039636338356631393135666563306238306632613264646466
34333463396230613237393933653563626538626363646564643335363934333230636634356162
34646235613739356633353662356137336665633264633039656161383338656565316462323438
62396664373733396230323535663939303133343230393731653865373263346163383139333234
3533
